151
976
521
236
92
947
906
88
831
324
573
4
999
136
805
577
130
21
44
568
747
572
879
745
159
787
604
381
688
886
487
691
81
216
611
565
734
490
488
995
679
763
926
401
389
249
271
499
19
795
726
360
148
742
681
742
637
596
568
642
876
49
331
499
146
89
924
449
56
529
684
607
58
409
173
335
941
77
467
498
350
459
844
734
118
727
452
689
454
965
225
5
78
290
563
842
441
76
8
919
297
303
242
393
166
127
544
767
135
697
767
737
557
388
723
520
603
833
674
453
400
943
413
603
610
532
45
413
927
994
628
723
488
789
533
882
555
976
81
97
949
33
391
39
835
710
172
668
876
62
528
359